25316
11740
13069
25044
18789
2828
20299
13745
26766
32443
8513
24135
13244
17104
30314
17297
32056
31668
3858
27265
25510
151
19817
11921
28943
14512
2835
31397
32452
15228
16370
30178
15713
30791
15338
30871
4656
10124
13175
23272
17615
30030
26303
8487
8950
18270
27770
1047
25012
29274
5355
26033
31368
26693
13809
16789
20868
2248
25836
5686
16988
12328
27343
22436
295
2924
22387
28156
3849
9906
30000
19096
29571
16230
28384
25902
17255
22419
2305
32643
21277
20947
13296
27989
24909
23400
7983
32111
18119
17310
1442
31058
15272
14154
14351
1582
13030
8981
20149
8342
10024
29183
25004
24143
19852
4272
27080
14923
1363
11001
6478
7718
11787
1079
7985
17174
7273
29166
6970
26727
4928
21514
30011
11561
29635
11347
